-0.27104083700726533  0 0 0 0 0 0  
-0.17451989752100922  3 0 0 0 0 0  
-0.12726305026333157  0 3 0 0 0 0  
 0.056473640315203966  3 3 0 0 0 0 
-0.012777587071339788  0 0 3 0 0 0
 0.0484399127629246  3 0 3 0 0 0
 0.04158493845642654  0 3 3 0 0 0
-0.17451989752100922  0 0 0 3 0 0
 0.07823637778985212  3 0 0 3 0 0
 0.06659936243343323  0 3 0 3 0 0
 0.05389855881574944  0 0 3 3 0 0
-0.1272630502633316  0 0 0 0 3 0
 0.06659936243343323  3 0 0 0 3 0
 0.07400280578673019  0 3 0 0 3 0
 0.056842505850681915  0 0 3 0 3 0
 0.056473640315203966  0 0 0 3 3 0
-0.012777587071339736  0 0 0 0 0 3
 0.05389855881574944  3 0 0 0 0 3
 0.056842505850681915  0 3 0 0 0 3
 0.10024488587320463  0 0 3 0 0 3
 0.0484399127629246  0 0 0 3 0 3
 0.04158493845642654  0 0 0 0 3 3
 0.03806607628552998  0 1 1 0 0 0
-0.0029793806500249334  3 1 1 0 0 0
 0.03806607628552998  0 2 2 0 0 0
-0.0029793806500249334  3 2 2 0 0 0
-0.009039934735000948  0 1 1 3 0 0
-0.009039934735000948  0 2 2 3 0 0
-0.0036634285428473337  0 1 1 0 3 0
-0.0036634285428473337  0 2 2 0 3 0
 0.022383338673048748  0 1 1 0 0 3
 0.022383338673048748  0 2 2 0 0 3
 0.010125722118229263  1 1 0 1 1 0
 0.010125722118229263  2 2 0 1 1 0
 0.010125722118229263  1 1 0 2 2 0
 0.010125722118229263  2 2 0 2 2 0
 0.006060554084976015  1 3 1 1 1 0
 0.006060554084976015  2 3 2 1 1 0
 0.006060554084976015  1 3 1 2 2 0
 0.006060554084976015  2 3 2 2 2 0
 0.006060554084976015  1 1 0 1 3 1
 0.006060554084976015  2 2 0 1 3 1
 0.006060554084976015  1 1 0 2 3 2
 0.006060554084976015  2 2 0 2 3 2
 0.0054586460528248375  1 3 1 1 3 1
 0.0054586460528248375  2 3 2 1 3 1
 0.0054586460528248375  1 3 1 2 3 2
 0.0054586460528248375  2 3 2 2 3 2
 0.038066076285529965  0 0 0 0 1 1
-0.009039934735000948  3 0 0 0 1 1
-0.0036634285428473337  0 3 0 0 1 1
 0.022383338673048748  0 0 3 0 1 1
-0.0029793806500249334  0 0 0 3 1 1
 0.038066076285529965  0 0 0 0 2 2
-0.009039934735000948  3 0 0 0 2 2
-0.0036634285428473337  0 3 0 0 2 2
 0.022383338673048748  0 0 3 0 2 2
-0.0029793806500249334  0 0 0 3 2 2
 0.015257567394255375  0 1 1 0 1 1
 0.015257567394255375  0 2 2 0 1 1
 0.015257567394255375  0 1 1 0 2 2
 0.015257567394255375  0 2 2 0 2 2